1362	1440	17
-0.11560899764299393	0.21429100632667542	-1.6622469425201416	0.761946976184845	0.6666100025177002	0.538833806168939	2	0.3819337266152922	1	0.07923246721576895	5	-0.09552523493766785	0.9746320843696594	0.20240361988544464	0.9938127398490906	0.08181487023830414	0.0751180648803711	0.056652843952178955	0.20832695066928864	-0.9764171242713928
0.0	0.25481998920440674	-1.7691969871520996	0.7944819927215576	0.7113270163536072	0.7095875503848383	2	0.2043139685847268	1	0.08609848103043487	3	0.0	0.9616332650184631	0.2743381857872009	0.9984854459762573	-0.015094376169145107	0.05290568619966507	0.055016834288835526	0.2739226818084717	-0.9601768255233765
-0.12049499899148941	0.2572390139102936	-1.7951819896697998	0.7539780139923096	0.7183319926261902	0.6654103107547391	2	0.1753505720744826	5	0.15923911717077832	1	-0.08408037573099136	0.9498488306999207	0.30119389295578003	0.9952449202537537	0.0651422068476677	0.07241608947515488	0.049163900315761566	0.30585044622421265	-0.9508092999458313
-0.1209930032491684	-0.17398099601268768	-1.192199945449829	0.5225769877433777	0.10997699946165085	0.6551713834468076	0	0.19398478124322546	11	0.15084383530996698	1	-0.07049904763698578	-0.9908930063247681	0.11472117155790329	-0.9899810552597046	0.0836191475391388	0.11377823352813721	-0.12233492732048035	-0.10555051267147064	-0.9868602752685547
0.0	-0.20758700370788574	-1.3581210374832153	0.46732398867607117	0.16508600115776062	0.815059259201	1	0.17316102764268534	0	0.011779713156314705	2	0.0	-0.9942228198051453	0.1073359027504921	-0.9929338693618774	0.012738698162138462	0.11798359453678131	-0.1186693087220192	-0.10657745599746704	-0.9871974587440491
0.0	-0.18198400735855103	-1.13429594039917	0.48455101251602173	0.08349599689245224	0.7845078127557196	0	0.12174232339344869	11	0.09374986385083177	14	0.0	-0.9906640648841858	0.13632655143737793	-0.9892138838768005	0.019969569519162178	0.1451110541820526	-0.14647866785526276	-0.13485610485076904	-0.9799785017967224
-0.12231399863958359	0.2747940123081207	-2.077975034713745	0.7525820136070251	0.8240150213241577	0.55099439247424	4	0.25901420390691726	5	0.18999140361884276	3	-0.06323521584272385	0.9754764437675476	-0.21082475781440735	0.9939272999763489	0.0806320309638977	0.07488004118204117	0.09004294872283936	-0.20480941236019135	-0.9746514558792114
0.0	0.3018749952316284	-1.94514000415802	0.7877810001373291	0.7793290019035339	0.5492375066824708	2	0.3279705669762689	3	0.12279192634126028	5	0.0	0.9994094371795654	0.034364525228738785	0.9981529712677002	-0.0020889872685074806	0.060716040432453156	0.060751963406801224	0.034301046282052994	-0.997563362121582
0.0	0.2748450040817261	-2.0720529556274414	0.7934280037879944	0.8246279954910278	0.5676977607707225	3	0.24649602984238136	4	0.18580620938689615	2	0.0	0.9780669808387756	-0.2082909196615219	0.9980960488319397	0.012848828919231892	0.06032607704401016	0.061679232865571976	-0.20789432525634766	-0.9762046933174133
-0.18111799657344818	-0.24759599566459656	-1.9078470468521118	0.488772988319397	0.37356799840927124	0.6696042232562094	2	0.23411649884633737	3	0.09627927789745318	5	-0.2435113489627838	-0.9545131921768188	-0.17206628620624542	-0.966057300567627	0.22294028103351593	0.13050280511379242	-0.08620614558458328	0.1980047971010208	-0.9764028787612915
0.0	-0.23332899808883667	-1.7700539827346802	0.4392490088939667	0.3163360059261322	0.7073995159627778	2	0.19015551367997935	1	0.10244497035724277	3	0.0	-0.9955404996871948	0.09433524310588837	-0.9943261742591858	0.010036318562924862	0.10589970648288727	-0.10637422651052475	-0.09380000084638596	-0.9898919463157654
-0.18039000034332275	-0.23356500267982483	-1.7867469787597656	0.49788299202919006	0.3294050097465515	0.7270892290274555	2	0.17807203760104384	1	0.09483873337150059	3	-0.2066447138786316	-0.973253607749939	0.10037726908922195	-0.9671316742897034	0.21873392164707184	0.12966033816337585	-0.1481482982635498	-0.0702844113111496	-0.9864645600318909
-0.1587969958782196	-0.21417300403118134	-1.5435129404067993	0.5080339908599854	0.2394839972257614	0.7347123941755561	1	0.20029898998834345	2	0.06498861583610044	0	-0.17084743082523346	-0.9824795126914978	0.0744672566652298	-0.9757750034332275	0.17921414971351624	0.12548086047172546	-0.1366279423236847	-0.051225196570158005	-0.989297091960907
0.0	-0.22076000273227692	-1.6182639598846436	0.4501180052757263	0.26076099276542664	0.7462988683760916	1	0.25301462717814943	2	0.0006865044457589121	3	0.0	-0.9979637265205383	0.06378421932458878	-0.9941473603248596	0.006891035474836826	0.1078123152256012	-0.10803231596946716	-0.0634109154343605	-0.992123007774353
0.0	-0.21417300403118134	-1.4881930351257324	0.45872101187705994	0.21292300522327423	0.8437169080315289	1	0.09173106471444245	2	0.06455202725402864	0	0.0	-0.9986957907676697	0.051057878881692886	-0.9942592978477478	0.00546512333676219	0.1068582683801651	-0.10699792206287384	-0.050764765590429306	-0.9929624199867249
-0.043331000953912735	0.26065099239349365	-0.9069979786872864	0.7721940279006958	0.3916440010070801	0.3732099225283032	11	0.35656368941035493	12	0.27022638806134186	14	0.06201536953449249	0.8604022264480591	0.5058281421661377	0.9955677390098572	-0.08923503011465073	0.029697732999920845	0.07068958878517151	0.5017445087432861	-0.8621227145195007
0.0	0.22593900561332703	-1.1322940587997437	0.7944269776344299	0.47387000918388367	0.3920084326545252	14	0.3816267457378368	0	0.22636482160763804	11	0.0	0.9888151288032532	-0.14914627373218536	0.998996376991272	0.006681373342871666	0.04429004713892937	0.044791169464588165	-0.14899659156799316	-0.9878227710723877
-0.058719001710414886	0.22609999775886536	-1.157410979270935	0.774960994720459	0.4818289875984192	0.5545722944790125	0	0.23986119670793818	14	0.2055665088130493	11	0.10565701127052307	0.9804555177688599	-0.16596268117427826	0.9940218925476074	-0.0995137095451355	0.044918548315763474	0.027525074779987335	-0.169716477394104	-0.9851084351539612
-0.1514739990234375	-0.057433001697063446	-2.268944025039673	0.4904789924621582	0.5158830285072327	0.7772782290852326	4	0.21115301613871248	10	0.01156875477605498	5	-0.25922730565071106	-0.7709982991218567	-0.581689715385437	-0.9628879427909851	0.15946167707443237	0.21775877475738525	-0.07513441145420074	0.6165509819984436	-0.7837217450141907
0.0	-0.1736609935760498	-2.0646309852600098	0.4324280023574829	0.4284839928150177	0.7764604176265149	3	0.1129218288787752	2	0.11061775349470993	10	0.0	-0.8732704520225525	-0.4872357249259949	-0.9955049157142639	-0.04614723101258278	0.08270639926195145	-0.09470964223146439	0.4850456118583679	-0.8693451285362244
-0.16964000463485718	-0.17396199703216553	-2.047668933868408	0.4894329905509949	0.42867401242256165	0.5809491357882564	3	0.22200342564904155	4	0.1970474385627021	2	-0.18192404508590698	-0.8759576678276062	-0.44676831364631653	-0.9823849201202393	0.1421772986650467	0.12126633524894714	-0.04270385578274727	0.46095967292785645	-0.8863930106163025
0.0	-0.057433001697063446	-2.267627000808716	0.9631289839744568	0.9930149912834167	0.9727258171939199	10	0.018160079015969593	7	0.009114103790110474	4	0.0	-0.9350994229316711	-0.3543855845928192	0.9995556473731995	0.010564529336988926	-0.02787376008927822	0.02980865351855755	-0.35422810912132263	0.9346839189529419
-0.12050700187683105	-0.03464300185441971	-2.3792359828948975	0.9221190214157104	0.949105978012085	0.777561163789959	10	0.22243883621004099	4	0.0	0	-0.5767512917518616	-0.7649935483932495	-0.2866055369377136	0.8162833452224731	-0.5535492897033691	-0.16512003540992737	-0.03233451023697853	-0.32918456196784973	0.9437118768692017
0.0	-0.03464300185441971	-2.3785650730133057	0.9621829986572266	0.9506999850273132	0.9985444772754832	10	0.0014555227245167189	7	0.0	0	0.0	-0.9890304207801819	-0.1477121263742447	0.9995735883712769	0.004313141107559204	-0.028879467397928238	0.02919977344572544	-0.1476491391658783	0.988608717918396
-0.10371900349855423	-0.13959099352359772	-0.9684820175170898	0.980991005897522	0.15529100596904755	0.76131930746972	11	0.18502913326621276	12	0.053651559264067235	0	0.10828279703855515	-0.9536088705062866	0.2809004783630371	-0.8644704818725586	-0.22985875606536865	-0.4470522701740265	0.49088042974472046	-0.19442209601402283	-0.8492564558982849
0.0	0.03232099860906601	-0.8662099838256836	0.9426699876785278	0.08337800204753876	0.38443474661998134	11	0.31291797356321516	15	0.3026472798168035	12	0.0	-0.08649002015590668	0.9962527751922607	-0.9950792193412781	0.09871066361665726	0.008569994941353798	-0.09908199310302734	-0.9913504123687744	-0.0860644206404686
-0.018818000331521034	0.050273001194000244	-0.8754159808158875	0.9507259726524353	0.07768300175666809	0.395281402804783	11	0.3790092764456881	12	0.22570932074952887	15	0.4416690170764923	-0.03735509142279625	0.8964001536369324	-0.8866186141967773	0.13461358845233917	0.4424777626991272	-0.13719643652439117	-0.9901937246322632	0.026334932073950768
-0.07375600188970566	0.1923380047082901	-1.4021040201187134	0.7776650190353394	0.5699549913406372	0.7096899341964417	1	0.22868808115987996	0	0.061621984643678344	2	-0.0013123169774189591	0.9996498823165894	-0.02642945386469364	0.9980672001838684	0.0029646011535078287	0.06207249313592911	0.06212911009788513	-0.026296913623809814	-0.9977216124534607
0.0	0.20089399814605713	-1.4811689853668213	0.8014810085296631	0.6014279723167419	0.7817661287058411	1	0.11928459534191876	0	0.09894927595224022	2	0.0	0.9962501525878906	0.08652031421661377	0.998023271560669	-0.0054389252327382565	0.0626092180609703	0.06284502148628235	0.08634928613901138	-0.9942808151245117
-0.0946820005774498	0.20331600308418274	-1.5321760177612305	0.7698060274124146	0.6182820200920105	0.7332901918655914	1	0.19246776859795436	2	0.07424203953645424	0	-0.06073204427957535	0.9940218329429626	0.09073184430599213	0.9960129261016846	0.05440112575888634	0.07070287317037582	0.06534428149461746	0.09466401487588882	-0.9933624863624573
-0.32401999831199646	0.008071999996900558	-1.4653860330581665	0.759427011013031	0.16401199996471405	0.681479149785492	1	0.19360240952915467	0	0.12491844068535335	2	-0.9948030114173889	-0.01321480330079794	0.10095743834972382	-0.013009822927415371	0.9999116063117981	0.0027664233930408955	-0.10098506510257721	0.0014386079274117947	-0.9948868751525879
-0.2865700125694275	-0.09433300048112869	-1.335015058517456	0.72291499376297	0.11381299793720245	0.47706137775408153	0	0.33682258145762783	1	0.18611604078829064	11	-0.8704678416252136	-0.49022945761680603	0.044283319264650345	-0.48867595195770264	0.8714736104011536	0.04158739373087883	-0.058979108929634094	0.014560296200215816	-0.9981530904769897
-0.3242320120334625	0.021594999358057976	-1.3345229625701904	0.7637460231781006	0.11508399993181229	0.46252155597119754	0	0.32113040363027096	1	0.21634804039853153	11	-0.9999569654464722	0.00509668281301856	-0.007751841098070145	0.005100667010992765	0.9999865889549255	0.0008672308758832514	0.007756158243864775	0.0008276541484519839	-0.9999696612358093
-0.3755129873752594	0.010413000360131264	-1.713718056678772	0.758571982383728	0.2587920129299164	0.46130908166409085	2	0.27942588375612865	1	0.2592650345797805	5	-0.9859573245048523	-0.04394782707095146	0.161111518740654	-0.04357123002409935	0.9990324378013611	0.005992300808429718	-0.16121897101402283	-0.001111674471758306	-0.986918032169342
-0.31232699751853943	-0.10358799993991852	-1.5988340377807617	0.7193520069122314	0.21342599391937256	0.622155459955154	1	0.28773554568543286	2	0.09010899435941319	5	-0.8832489252090454	-0.42900487780570984	0.1892785280942917	-0.4265744984149933	0.9027462005615234	0.055527959018945694	-0.19469225406646729	-0.031696390360593796	-0.9803521037101746
-0.34976598620414734	0.009242000058293343	-1.5895529985427856	0.7589989900588989	0.21140199899673462	0.6203860112442775	1	0.2583160782616482	2	0.12129791049407425	5	-0.9785163402557373	-0.009064010344445705	0.20596972107887268	-0.00877727847546339	0.9999586343765259	0.002372421557083726	-0.20598269999027252	0.0005135998362675309	-0.9785555005073547
-0.3861989974975586	0.04263800010085106	-1.7870910167694092	0.7702969908714294	0.2866469919681549	0.4259837259558084	5	0.4091039965496117	2	0.16491227749457987	1	-0.9895477294921875	0.018982810899615288	0.14295095205307007	0.01913522370159626	0.99981689453125	-0.0003166717942804098	-0.1429307758808136	0.0024220366030931473	-0.9897297620773315
-0.37078699469566345	-0.01486200001090765	-1.8948839902877808	0.7504199743270874	0.32635900378227234	0.8312708033884005	5	0.1412320558364647	2	0.027497140775134737	1	-0.5547186732292175	-0.8015281558036804	0.22324861586093903	-0.7809950113296509	0.5941380858421326	0.19247528910636902	-0.2869148552417755	-0.06758642196655273	-0.9555689692497253
-0.35384100675582886	-0.06312199681997299	-1.806730031967163	0.7330300211906433	0.2927359938621521	0.4638425642648881	2	0.39181551772143297	5	0.1443419180136789	1	-0.9291811585426331	-0.36955443024635315	-0.007202481385320425	-0.3695735037326813	0.9285184741020203	0.03562289848923683	-0.006476962473243475	0.03576197102665901	-0.9993393421173096
-0.22531500458717346	0.18185000121593475	-1.436156988143921	0.7290560007095337	0.5784389972686768	0.6994779894707336	1	0.20290699761806472	0	0.09761501291120173	2	-0.42937567830085754	0.9030042290687561	-0.014832367189228535	0.9002335667610168	0.4292716681957245	0.0728377252817154	0.07213988155126572	0.01792215369641781	-0.9972335696220398
-0.24981899559497833	0.18931199610233307	-1.5601799488067627	0.7205569744110107	0.6242300271987915	0.6708980412387342	1	0.23717405004880177	2	0.09192790871246401	5	-0.47058042883872986	0.8698062300682068	0.1482943445444107	0.880521833896637	0.4520745873451233	0.14251303672790527	0.05691862478852272	0.19764025509357452	-0.9786207675933838
-0.4228459894657135	0.048604000359773636	0.44110599160194397	0.09637100249528885	0.610418975353241	1.0	13	0.0	0	0.0	0	-0.73758465051651	-0.6730978488922119	0.05392717942595482	0.669255256652832	-0.7393125891685486	-0.07425867766141891	0.08985240012407303	-0.018681013956665993	0.9957799315452576
-0.3744469881057739	0.12826299667358398	0.8935480117797852	0.0637660026550293	0.7809079885482788	1.0	13	0.0	0	0.0	0	-0.9860910773277283	0.16022339463233948	-0.0441911406815052	-0.16025188565254211	-0.987071692943573	-0.0029675897676497698	-0.044095300137996674	0.004155399743467569	0.999018669128418
-0.46076101064682007	0.1284870058298111	0.41784998774528503	0.06897000223398209	0.5998650193214417	1.0	13	0.0	0	0.0	0	-0.9998961687088013	0.013916694559156895	0.003753845114260912	-0.013905012048780918	-0.9998953938484192	0.003983407747000456	0.0038088883738964796	0.00393079686909914	0.9999850988388062
-0.17285700142383575	0.08573299646377563	-2.3037660121917725	0.6877790093421936	0.8494439721107483	0.7945108227425419	4	0.18644319519888186	10	0.01904598205857625	5	-0.6653724908828735	0.030671466141939163	-0.7458812594413757	0.7218831181526184	-0.22808673977851868	-0.6533462405204773	-0.1901646852493286	-0.9731575846672058	0.12962141633033752
-0.23374000191688538	-0.053491998463869095	-2.2557129859924316	0.6631850004196167	0.9006810188293457	0.8029938358949098	4	0.1184326382660611	5	0.07857352583902909	10	-0.3403472304344177	-0.5903584361076355	-0.7318747639656067	0.9372931122779846	-0.1508171409368515	-0.31422269344329834	0.07512475550174713	-0.792926013469696	0.6046690940856934
-0.234934002161026	0.08236999809741974	-2.2948949337005615	0.666700005531311	0.8554649949073792	0.8478274128480616	4	0.08286258394024935	5	0.06931000321168908	10	-0.31459203362464905	-0.02359134890139103	-0.9489338397979736	0.9372042417526245	-0.16630706191062927	-0.30657830834388733	-0.15058179199695587	-0.9857918620109558	0.07442878186702728
-0.23374000191688538	-0.053491998463869095	-2.2557129859924316	0.5191050171852112	0.5143300294876099	0.8029938358949098	4	0.1184326382660611	5	0.07857352583902909	10	-0.3403472304344177	-0.5903584361076355	-0.7318747639656067	-0.9352383613586426	0.29317668080329895	0.19843530654907227	0.09742066264152527	0.7520143389701843	-0.651907742023468
-0.2748570144176483	-0.13150200247764587	-2.0640571117401123	0.5304830074310303	0.44093599915504456	0.46522543628242236	4	0.3300586983391062	5	0.20471586537847142	3	-0.5071303844451904	-0.7927250266075134	-0.33823949098587036	-0.8609404563903809	0.48415616154670715	0.15612268447875977	0.0399983786046505	0.37037861347198486	-0.9280193448066711
-0.17730100452899933	0.27006998658180237	-1.040964961051941	0.7268329858779907	0.4387289881706238	0.4792186226334423	11	0.34762910498650196	12	0.17315227238005576	0	-0.22846603393554688	0.9714841842651367	-0.06341870129108429	0.9733552932739258	0.22924372553825378	0.005175747908651829	0.019566496834158897	-0.060546450316905975	-0.997973620891571
-0.20158599317073822	0.22544999420642853	-1.2408419847488403	0.727957010269165	0.5093910098075867	0.521641383866709	0	0.2506259901298479	11	0.22773262600344316	1	-0.3133103549480438	0.9369401335716248	-0.15485453605651855	0.9487336874008179	0.31597885489463806	-0.007863057777285576	0.04156353697180748	-0.14937926828861237	-0.9879059791564941
-0.2544879913330078	-0.18396100401878357	-1.5679140090942383	0.5433940291404724	0.25372400879859924	0.6702156349914744	1	0.2579673570928532	2	0.07181700791567246	0	-0.612090528011322	-0.7775344252586365	0.14417210221290588	-0.7598809599876404	0.6287782788276672	0.16498145461082458	-0.21893101930618286	-0.008570046164095402	-0.975702702999115
-0.17972399294376373	-0.22076000273227692	-1.676218032836914	0.506197988986969	0.28909799456596375	0.5977854494655785	2	0.36510254150254556	1	0.03711200903187592	5	-0.1822293996810913	-0.978746771812439	0.09405979514122009	-0.9728692173957825	0.19337010383605957	0.12701769173145294	-0.14250651001930237	-0.06836152076721191	-0.9874303340911865
-0.288455992937088	-0.1847659945487976	-1.8031259775161743	0.5409510135650635	0.3420960009098053	0.6613622557061075	2	0.17030092394049154	5	0.16833682035340095	1	-0.6803112626075745	-0.7322250604629517	0.031984489411115646	-0.719541072845459	0.6755660176277161	0.16084523499011993	-0.13938254117965698	0.08641067147254944	-0.9864611625671387
-0.2752610146999359	0.25451600551605225	-2.0732390880584717	0.7048850059509277	0.8175119757652283	0.862454826649803	5	0.13078688541657685	4	0.006758287933620196	3	-0.35405728220939636	0.917509138584137	-0.18116402626037598	0.9283458590507507	0.368246465921402	0.0506814569234848	0.11321371793746948	-0.1502387374639511	-0.982146143913269
-0.12585100531578064	0.30429598689079285	-1.9408279657363892	0.7452470064163208	0.7749990224838257	0.36998786638658704	3	0.3295389141835438	2	0.30047321942986915	5	-0.06381512433290482	0.9965657591819763	0.05276726186275482	0.9956235885620117	0.059973061084747314	0.07167191058397293	0.06826116144657135	0.05711008235812187	-0.9960315823554993
-0.20481200516223907	-0.17279000580310822	-1.2451729774475098	0.5474410057067871	0.13286300003528595	0.5679933612299731	0	0.2183557917443574	1	0.2136508470256695	11	-0.44239962100982666	-0.8905978202819824	0.10544224083423615	-0.8778244256973267	0.4540991187095642	0.152375727891922	-0.1835867166519165	-0.02514880709350109	-0.9826818108558655
-0.13787199556827545	-0.20758700370788574	-1.4108070135116577	0.5098710060119629	0.18987099826335907	0.7787010626705904	1	0.1537043606115235	0	0.06759457671788613	2	-0.1558607518672943	-0.9834151268005371	0.09274737536907196	-0.978185772895813	0.16672104597091675	0.12392203509807587	-0.13732974231243134	-0.07140958309173584	-0.987947940826416
-0.2743229866027832	0.19677500426769257	-1.684201955795288	0.7120580077171326	0.6700209975242615	0.46609376432673866	2	0.31889924118342816	1	0.2150069944898332	5	-0.5018520355224609	0.8318219184875488	0.2371009886264801	0.8639195561408997	0.4686364233493805	0.184453085064888	0.04231796786189079	0.29740434885025024	-0.953813374042511
-0.28651899099349976	0.2349970042705536	-1.8021010160446167	0.7023389935493469	0.7157210111618042	0.47373931562432187	5	0.36975929099357	2	0.1565013933821081	1	-0.5071059465408325	0.8079636096954346	0.3000641167163849	0.8612675666809082	0.46185389161109924	0.21191759407520294	0.032635923475027084	0.3659001886844635	-0.9300817251205444
-0.08587799966335297	-0.02442000061273575	-2.4684629440307617	0.9342830181121826	0.9157580137252808	0.945871954261857	10	0.05412804573814298	4	0.0	0	-0.8476445078849792	-0.37291598320007324	0.37740230560302734	0.43841788172721863	-0.8929218649864197	0.10237296670675278	0.2988142669200897	0.2522358000278473	0.9203733801841736
0.0	0.23206600546836853	-2.272895097732544	0.3798530101776123	0.9395170211791992	0.6093184561772803	10	0.2269304730817135	4	0.1637510707410062	7	0.0	0.9502734541893005	-0.31141695380210876	-0.9704538583755493	-0.0751442238688469	-0.22928762435913086	-0.24128709733486176	0.3022157549858093	0.9221963882446289
-0.11343599855899811	0.1464570015668869	-2.464369058609009	0.41232699155807495	0.8813369870185852	0.9185359909008022	10	0.08146400909919783	4	0.0	0	-0.6487411260604858	0.6641837358474731	-0.37147656083106995	-0.7258358001708984	-0.6867166757583618	0.0397825688123703	-0.2286761999130249	0.29543957114219666	0.9275897145271301
-0.12640400230884552	0.23259800672531128	-2.2752740383148193	0.4211829900741577	0.9489240050315857	0.7069330082955984	4	0.2325103344333826	10	0.06055665727101906	5	-0.23347140848636627	0.8603345155715942	-0.4531176686286926	-0.9421528577804565	-0.3154226839542389	-0.11338649690151215	-0.2404739409685135	0.40043362975120544	0.8842089176177979
-0.17285700142383575	0.08573299646377563	-2.3037660121917725	0.859902024269104	0.9364910125732422	0.7945108227425419	4	0.18644319519888186	10	0.01904598205857625	5	-0.6653724908828735	0.030671466141939163	-0.7458812594413757	-0.7403890490531921	0.10059154033660889	0.6646091938018799	0.09541388601064682	0.9944549798965454	-0.04422202706336975
-0.11343599855899811	0.1464570015668869	-2.464369058609009	0.8023629784584045	0.9642220139503479	0.9185359909008022	10	0.08146400909919783	4	0.0	0	-0.6487411260604858	0.6641837358474731	-0.37147656083106995	-0.3445649743080139	0.17887768149375916	0.921562671661377	0.6785357594490051	0.7258535027503967	0.11280915141105652
-0.1411229968070984	0.06939499825239182	-2.431551933288574	0.8132169842720032	0.9336540102958679	0.8418000046141366	10	0.15819999538586338	4	0.0	0	-0.9498721957206726	-0.07196372002363205	-0.3042435646057129	-0.3086684048175812	0.061036206781864166	0.949209451675415	-0.04973876103758812	0.9955379366874695	-0.08018951117992401
-0.2672269940376282	0.10767599940299988	0.9003409743309021	0.869937002658844	0.19408200681209564	1.0	13	0.0	0	0.0	0	0.9930881261825562	-0.11313392221927643	0.0312514528632164	-0.021071841940283775	0.09015403687953949	0.9957048892974854	-0.115465447306633	-0.9894812107086182	0.08714696764945984
-0.2806690037250519	0.02267099916934967	0.9390619993209839	0.8812789916992188	0.2276040017604828	1.0	13	0.0	0	0.0	0	0.6173118948936462	-0.5057641863822937	-0.6026016473770142	0.5931775569915771	-0.20394328236579895	0.7788116335868835	-0.516791582107544	-0.8382194638252258	0.17411136627197266
-0.29260098934173584	0.05375099927186966	0.8927500247955322	0.8640090227127075	0.2152249962091446	1.0	13	0.0	0	0.0	0	0.5492450594902039	-0.8088371753692627	-0.2100297063589096	0.43265122175216675	0.060201045125722885	0.8995491862297058	-0.7149447798728943	-0.5849425792694092	0.38300952315330505
-0.3178440034389496	0.25665101408958435	0.4040609896183014	0.012880000285804272	0.5990819931030273	1.0	13	0.0	0	0.0	0	0.013581117615103722	0.9999059438705444	-0.0019227199954912066	-0.9960663318634033	0.013709905557334423	0.08754435181617737	0.08756247907876968	0.0007262065191753209	0.9961588382720947
-0.35876399278640747	0.16739800572395325	0.8870710134506226	0.04830300062894821	0.7788119912147522	1.0	13	0.0	0	0.0	0	-0.804573655128479	0.5903909802436829	-0.06402896344661713	-0.5933651924133301	-0.8035974502563477	0.046355850994586945	-0.024085436016321182	0.07528924942016602	0.9968708157539368
-0.3190940022468567	0.20108099281787872	0.8988029956817627	0.033431001007556915	0.7844259738922119	1.0	13	0.0	0	0.0	0	-0.0038149082101881504	0.997186541557312	-0.07486376166343689	-0.9998806715011597	-0.002683237660676241	0.015209335833787918	0.014965668320655823	0.07491284608840942	0.9970778226852417
-0.16030199825763702	0.1086060032248497	0.44363000988960266	0.2656390070915222	0.5053489804267883	1.0	13	0.0	0	0.0	0	0.9863975644111633	-0.09305176883935928	0.1355033963918686	0.08192052692174911	0.9929570555686951	0.08558803051710129	-0.1425132006406784	-0.0733233243227005	0.9870733618736267
-0.2711299955844879	0.1636430025100708	0.8793780207633972	0.29006001353263855	0.6558480262756348	1.0	13	0.0	0	0.0	0	0.872251570224762	0.4826071858406067	0.07916796207427979	-0.4890173077583313	0.8629227876663208	0.12738272547721863	-0.0068400222808122635	-0.14982427656650543	0.9886890053749084
-0.2672269940376282	0.10767599940299988	0.9003409743309021	0.27027198672294617	0.6660450100898743	1.0	13	0.0	0	0.0	0	0.9930881261825562	-0.11313392221927643	0.0312514528632164	0.11088228970766068	0.9916190505027771	0.06630811095237732	-0.03849123790860176	-0.06238457188010216	0.9973097443580627
-0.31644201278686523	-0.004172999877482653	0.45760801434516907	0.6188520193099976	0.16459999978542328	1.0	13	0.0	0	0.0	0	-0.15644174814224243	-0.9829645156860352	0.0964713990688324	-0.9783064126968384	0.14080385863780975	-0.15195658802986145	0.13578438758850098	-0.11815094202756882	-0.9836680889129639
-0.29260098934173584	0.05375099927186966	0.8927500247955322	0.5992199778556824	0.0044109998270869255	1.0	13	0.0	0	0.0	0	0.5492450594902039	-0.8088371753692627	-0.2100297063589096	-0.8275997042655945	-0.4916551411151886	-0.2708396911621094	0.11580301076173782	0.3225778341293335	-0.9394324421882629
-0.31944799423217773	0.05283199995756149	0.8989319801330566	0.607541024684906	0.0005639999872073531	1.0	13	0.0	0	0.0	0	-0.17420528829097748	-0.9258699417114258	-0.3352871537208557	-0.9625716805458069	0.23191379010677338	-0.1402558982372284	0.2076164186000824	0.29830458760261536	-0.9316167831420898
-0.10371900349855423	-0.13959099352359772	-0.9684820175170898	0.5975170135498047	0.7064089775085449	0.76131930746972	11	0.18502913326621276	12	0.053651559264067235	0	0.10828279703855515	-0.9536088705062866	0.2809004783630371	-0.9716615080833435	-0.16125674545764923	-0.17282956838607788	0.2101089209318161	-0.2542257606983185	-0.9440464377403259
-0.20653699338436127	-0.1575389951467514	-0.8972079753875732	0.6244140267372131	0.6739940047264099	0.8507344086749616	12	0.14926559132503833	11	0.0	0	-0.1714571714401245	-0.9840018153190613	0.0484035387635231	-0.9750240445137024	0.16245003044605255	-0.15145383775234222	0.14116770029067993	-0.07316245138645172	-0.9872785806655884
-0.17897099256515503	-0.1658869981765747	-1.048387050628662	0.6215729713439941	0.7317240238189697	0.7101523182573308	11	0.1903478742471951	12	0.0994998074954741	0	-0.15915623307228088	-0.9858225584030151	0.05313345789909363	-0.9786583185195923	0.15045571327209473	-0.1399676352739334	0.12998904287815094	-0.07427623122930527	-0.9887294769287109
-0.018818000331521034	0.050273001194000244	-0.8754159808158875	0.21813799440860748	0.032377999275922775	0.395281402804783	11	0.3790092764456881	12	0.22570932074952887	15	0.4416690170764923	-0.03735509142279625	0.8964001536369324	-0.09035219252109528	0.9922001957893372	0.08587959408760071	-0.8926163911819458	-0.11892206966876984	0.43484896421432495
-0.06026700139045715	0.15473200380802155	-0.8164719939231873	0.25536099076271057	0.04709000140428543	0.7762833413020963	12	0.14701285444200105	11	0.07670380425590266	14	0.7528639435768127	0.5832719802856445	0.3049421012401581	-0.6202759146690369	0.783717155456543	0.0323314405977726	-0.2201303243637085	-0.21348941326141357	0.9518219828605652
-0.02251500077545643	0.020117999985814095	-0.7860850095748901	0.20919199287891388	0.06616400182247162	0.8304720150529034	12	0.11058107565022378	11	0.05894690929687284	15	0.9806522130966187	-0.19303575158119202	0.03253377228975296	0.1903238594532013	0.9790327548980713	0.07260682433843613	-0.04586734250187874	-0.06501009315252304	0.9968299269676208
-0.17730100452899933	0.27006998658180237	-1.040964961051941	0.0	0.06358599662780762	0.4792186226334423	11	0.34762910498650196	12	0.17315227238005576	0	-0.22846603393554688	0.9714841842651367	-0.06341870129108429	-0.9731137156486511	-0.22592249512672424	0.04482058063149452	0.02921477146446705	0.07195357978343964	0.9969800114631653
-0.33154499530792236	0.15270400047302246	-1.034132957458496	0.05275699868798256	0.06129100173711777	0.5217428312025666	12	0.4633119989619875	11	0.014945169835445896	0	-0.8060244917869568	0.5759671926498413	-0.13633136451244354	-0.5855954885482788	-0.8095030784606934	0.04222160205245018	-0.08604241907596588	0.11386669427156448	0.9897632002830505
-0.20546500384807587	0.24333399534225464	-0.9244790077209473	0.011566000059247017	0.10630200058221817	0.7221159531665804	12	0.22411287428888213	11	0.0537711725445375	14	-0.28047144412994385	0.9461562633514404	0.16162969172000885	-0.9461213946342468	-0.3009090721607208	0.11961653083562851	0.16181175410747528	-0.11937227100133896	0.979574978351593
-0.3244509994983673	0.03543499857187271	-1.2005970478057861	0.09593299776315689	0.0	0.46395912373561293	11	0.3833076620676798	12	0.1527332141967073	0	-0.9906682968139648	0.01220748946070671	-0.1357472836971283	-0.009758809581398964	-0.9997743964195251	-0.018864991143345833	-0.13594695925712585	-0.017364216968417168	0.9905639290809631
-0.33154499530792236	-0.08151300251483917	-1.0341310501098633	0.13972799479961395	0.06272099912166595	0.5337433062793568	12	0.46625669372064316	11	0.0	0	-0.7758837342262268	-0.6199012398719788	-0.1171623170375824	0.6247014999389648	-0.7808436155319214	-0.005602668505162001	-0.08801233768463135	-0.07753848284482956	0.9930969476699829
-0.36880600452423096	0.03559499979019165	-1.0412410497665405	0.09846100211143494	0.05800300091505051	0.5199591642585321	12	0.48004083574146794	11	0.0	0	-0.9826642274856567	-0.005462976172566414	-0.18531392514705658	0.008717519231140614	-0.9998229146003723	-0.016677740961313248	-0.18518999218940735	-0.018004097044467926	0.9825378656387329
-0.1600389927625656	-0.06407999992370605	-0.23479300737380981	0.5921189785003662	0.43073201179504395	0.9524301934382784	12	0.04756980656172156	13	0.0	0	0.5371936559677124	-0.8338678479194641	0.12683655321598053	-0.8271231651306152	-0.5502532720565796	-0.11440521478652954	0.16519103944301605	-0.043451692909002304	-0.9853039979934692
-0.23756100237369537	-0.07623499631881714	-0.17499199509620667	0.6123350262641907	0.40404099225997925	0.8612628208833614	12	0.13873717911663866	13	0.0	0	-0.12653343379497528	-0.9889811873435974	0.0768478512763977	-0.9817508459091187	0.11379501223564148	-0.1523677259683609	0.14194391667842865	-0.09472505003213882	-0.9853319525718689
-0.23587100207805634	-0.08448000252246857	-0.24932299554347992	0.614093005657196	0.4317379891872406	1.0	12	0.0	0	0.0	0	-0.14331521093845367	-0.9834914803504944	0.11047722399234772	-0.9803408980369568	0.12578237056732178	-0.15202106535434723	0.13561534881591797	-0.1300922930240631	-0.982183575630188
-0.07050599902868271	0.04917899891734123	-0.22833800315856934	0.3074130117893219	0.31080400943756104	0.9046238147990164	12	0.09537618520098352	13	0.0	0	0.9875457286834717	-0.08792629837989807	0.13047029078006744	0.05985955893993378	0.976878821849823	0.20524317026138306	-0.14549992978572845	-0.19487710297107697	0.9699756503105164
-0.12432499974966049	0.13389000296592712	-0.17433199286460876	0.34015199542045593	0.3273029923439026	0.7571559685045633	12	0.24284403149543668	13	0.0	0	0.6467351317405701	0.7511418461799622	0.13236233592033386	-0.7609789371490479	0.6471757888793945	0.04554823040962219	-0.0514485128223896	-0.13018257915973663	0.9901543855667114
-0.07953699678182602	0.050804998725652695	-0.15574300289154053	0.3108789920806885	0.33782801032066345	0.7480878412663376	12	0.2519121587336624	13	0.0	0	0.9734323024749756	-0.07974600791931152	0.21463975310325623	0.022638611495494843	0.96630859375	0.2563890814781189	-0.22785423696041107	-0.2447182685136795	0.9424412846565247
-0.23996099829673767	0.18036699295043945	-0.26100000739097595	0.38660600781440735	0.29571500420570374	0.9192295602898547	12	0.08077043971014534	13	0.0	0	-0.051637355238199234	0.9954229593276978	0.08041632920503616	-0.9955969452857971	-0.04501306265592575	-0.08222270756959915	-0.07822658866643906	-0.08430801331996918	0.9933643937110901
-0.3490929901599884	0.1255439966917038	-0.19364400207996368	0.41374000906944275	0.32692399621009827	0.7962635815466446	12	0.20373641845335544	13	0.0	0	-0.6867088675498962	0.726902425289154	0.006622631102800369	-0.7201915383338928	-0.6790808439254761	-0.1420331448316574	-0.09874693304300308	-0.10230498015880585	0.9898397922515869
-0.2415349930524826	0.17455600202083588	-0.18450599908828735	0.3863050043582916	0.324413001537323	0.7518769976210586	12	0.24812300237894142	13	0.0	0	-0.023133065551519394	0.9996963739395142	0.008484158664941788	-0.9979724884033203	-0.022594042122364044	-0.059501588344573975	-0.059291839599609375	-0.009843412786722183	0.9981922507286072
-0.39256200194358826	0.05590600147843361	-0.275985985994339	0.691690981388092	0.43265300989151	0.9814529267223895	12	0.01854707327761054	13	0.0	0	-0.9965092539787292	-0.012421268969774246	0.08255413174629211	-0.022580299526453018	0.9921302199363708	-0.1231575533747673	-0.08037466555833817	-0.12459172308444977	-0.988947331905365
-0.3490929901599884	-0.012401999905705452	-0.19996599853038788	0.6614739894866943	0.4069019854068756	0.9075276179593991	12	0.09247238204060092	13	0.0	0	-0.7160474061965942	-0.6959655284881592	0.05392787232995033	-0.6970953941345215	0.7088876962661743	-0.10740714520215988	0.036522865295410156	-0.1145014613866806	-0.9927514791488647
-0.3870159983634949	0.056561000645160675	-0.1958950012922287	0.6859229803085327	0.4032309949398041	0.8283103520209787	12	0.1716896479790213	13	0.0	0	-0.9995615482330322	-0.010986875742673874	0.027497706934809685	-0.013659306801855564	0.9950817823410034	-0.09811130166053772	-0.02628452703356743	-0.09844386577606201	-0.9947954416275024
-0.2567639946937561	-0.07117299735546112	-0.06480199843645096	0.6139330267906189	0.3620150089263916	0.8842367348263491	13	0.11576326517365082	12	0.0	0	-0.15796682238578796	-0.9828368425369263	0.09528060257434845	-0.9780572056770325	0.14246436953544617	-0.15201307833194733	0.13582997024059296	-0.11720290035009384	-0.98377525806427
-0.22102099657058716	-0.03340600058436394	0.05337600037455559	0.6029149889945984	0.3202109932899475	0.9980037358673154	13	0.0019962641326846113	12	0.0	0	0.5580757260322571	-0.805465042591095	0.1994435340166092	-0.80829918384552	-0.5820293426513672	-0.088849738240242	0.18764734268188477	-0.11162514984607697	-0.9758731126785278
-0.2749690115451813	-0.05071499943733215	0.0464400015771389	0.6178789734840393	0.31966298818588257	1.0	13	0.0	0	0.0	0	-0.18766184151172638	-0.9756646156311035	0.11340891569852829	-0.9737883806228638	0.16969271004199982	-0.15146158635616302	0.12853103876113892	-0.1388598531484604	-0.9819357395172119
-0.15728099644184113	0.1400279998779297	-0.06858400255441666	0.3524639904499054	0.367000013589859	0.7399013259741557	13	0.26009867402584425	12	0.0	0	0.6498406529426575	0.751133143901825	0.1162162721157074	-0.7589592933654785	0.649509608745575	0.046021293848752975	-0.040915463119745255	-0.11810992658138275	0.9921572208404541
-0.14667299389839172	0.07218799740076065	0.05411100015044212	0.3374829888343811	0.4161140024662018	0.9346275098705055	13	0.06537249012949448	12	0.0	0	0.9831176996231079	-0.058200277388095856	0.1734716147184372	0.01899062655866146	0.9753764867782593	0.21972733736038208	-0.18198832869529724	-0.2127234935760498	0.9600151777267456
-0.11415400356054306	0.056384000927209854	-0.04674400016665459	0.3236579895019531	0.37880799174308777	0.7630913594921682	13	0.2369086405078318	12	0.0	0	0.9495746493339539	-0.07602334767580032	0.3041849434375763	-0.020672757178544998	0.9528491497039795	0.3027394115924835	-0.31285759806632996	-0.2937620282173157	0.9032297730445862
-0.25960201025009155	0.18258799612522125	-0.08129800111055374	0.9740049839019775	0.3159550130367279	0.7611753375933508	13	0.2388246624066493	12	0.0	0	-0.02502574399113655	0.9929726719856262	-0.11566777527332306	0.8367653489112854	0.08413868397474289	0.5410585999488831	0.5469885468482971	-0.0832463875412941	-0.832990825176239
-0.35387998819351196	0.15852899849414825	0.027493000030517578	0.9448440074920654	0.2729879915714264	0.9550354876048561	13	0.0449645123951439	12	0.0	0	-0.7060281038284302	0.6792324185371399	-0.20041872560977936	0.5955745577812195	0.722610354423523	0.3508920669555664	0.38316190242767334	0.12837538123130798	-0.9147167801856995
-0.2773900032043457	0.20661400258541107	0.02618199959397316	0.9759910106658936	0.2834259867668152	0.9338481662549565	13	0.06615183374504349	12	0.0	0	-0.02349970117211342	0.983691394329071	-0.17832304537296295	0.8540512323379517	0.11248384416103363	0.5078819394111633	0.5196574926376343	-0.1403619349002838	-0.8427660465240479
-0.38941100239753723	0.062366001307964325	-0.08546599745750427	0.6821320056915283	0.3620870113372803	0.8505051445292736	13	0.14949485547072633	12	0.0	0	-0.9996521472930908	-0.015961473807692528	-0.020997120067477226	-0.014491249807178974	0.997501790523529	-0.06913900375366211	0.02204822562634945	-0.06881068646907806	-0.99738609790802
-0.35387998819351196	0.008927999995648861	0.027493000030517578	0.6552780270576477	0.3221679925918579	1.0	13	0.0	0	0.0	0	-0.7595366835594177	-0.6503992676734924	0.00921686366200447	-0.6478868722915649	0.7551650404930115	-0.0998416468501091	0.05797668173909187	-0.08180487900972366	-0.994960606098175
-0.391633003950119	0.08326900005340576	0.02384199947118759	0.6810179948806763	0.3213759958744049	0.9866205777752354	13	0.013379422224764665	12	0.0	0	-0.9945963621139526	0.010864903219044209	-0.10324709862470627	0.013409683480858803	0.9996277093887329	-0.023760946467518806	0.10295051336288452	-0.025017064064741135	-0.9943718910217285
-0.3775100111961365	-0.04838399961590767	-0.6056140065193176	0.13002300262451172	0.22113999724388123	1.0	12	0.0	0	0.0	0	-0.7587994933128357	-0.6499984860420227	0.041536666452884674	0.6469866037368774	-0.7595449686050415	-0.06708157062530518	0.07515188306570053	-0.02402779459953308	0.9968826174736023
-0.4154359996318817	0.05320199951529503	-0.6063240170478821	0.0945580005645752	0.21888600289821625	1.0	12	0.0	0	0.0	0	-0.9999475479125977	-0.0027772081084549427	-0.00985756330192089	0.002961043268442154	-0.9998595714569092	-0.01649581454694271	-0.009810366667807102	-0.016524136066436768	0.9998153448104858
-0.3775100111961365	0.15483799576759338	-0.6056140065193176	0.05456100031733513	0.2198999971151352	1.0	12	0.0	0	0.0	0	-0.7188462615013123	0.6947972178459167	0.02273670956492424	-0.693415105342865	-0.7189664840698242	0.04756823927164078	0.04939721152186394	0.018428275361657143	0.9986093044281006
-0.23346799612045288	0.20433199405670166	-0.5764899849891663	0.02760300040245056	0.23568899929523468	1.0	12	0.0	0	0.0	0	-0.01806720159947872	0.9966563582420349	0.07968489825725555	-0.9928601980209351	-0.02730005979537964	0.11611808091402054	0.11790522933006287	-0.07701803743839264	0.9900336861610413
-0.0809750035405159	0.15574200451374054	-0.5491250157356262	0.261557012796402	0.14392100274562836	1.0	12	0.0	0	0.0	0	0.6721925735473633	0.7371991872787476	0.06851634383201599	-0.7374398112297058	0.6584110856056213	0.15059015154838562	0.06590301543474197	-0.1517522633075714	0.986219048500061
-0.03325600177049637	0.04247400164604187	-0.5277360081672668	0.223703995347023	0.15951000154018402	1.0	12	0.0	0	0.0	0	0.9899705052375793	-0.10113947093486786	0.0986369252204895	0.09962614625692368	0.9948151707649231	0.020431261509656906	-0.10019192099571228	-0.01039952877908945	0.9949138164520264
